#SPRITE 3 
rtExplosion 12
0	1 142 42 183 
1	43 142 81 185 
2	82 142 118 185 
3	119 142 154 187
4	155 142 189 188
5	190 142 224 183
6	225 142 258 180
7	259 142 290 187
8	291 142 320 174
9	321 142 348 168
10	349 142 373 166
11	374 142 396 160	
rtBomb 9 
0	161 85 172 97
1	173 85 195 105
2	196 85 222 109
3	223 85 251 109
4	252 85 282 109
5	283 85 312 107
6	313 85 335 105
7	336 85 352 100
8	353 85 357 91
rtClash 6
0 161 62 173 73
1 174 62 194 82
2 195 62 217 83
3 219 62 237 81
4 238 62 252 75
5 253 62 264 72